02180659
02180553
02180830
02181413
02180809
02180848
02180570
02181128
02180615
02181190
02180574
02180302
02181174
02180450
02180382
02180444
02181239
02180728
02181316
02181397
02180903
02180003
02180599
02180261
02180238
02181158
02180377
02180672
02180685
02180632
02181034
02180352
02180225
02180074
02180749
02180182
02180123
02181240
02180643
02181264
02181227
02181151
02181251
02180658
02181307
02180098
02180498
02180050
02180048
02180019
02181032
02180915
02181275
02181380
02181119
02181270
02180865
02180318
02180559
02181197
02180805
02181412
02180264
02180619
02180785
02181225
02180654
02180086
02181183
02181014
02180372
02180522
02180063
02180895
02181140
02180708
02180971
02180967
02180279
02180954
02180475
02180747
02180820
02180203
02180657
02181167
02180987
02180409
02181387
02180288
02181206
02181287
02181330
02180713
02180110
02180012
02180907
02180149
02180262
02180229
02180394
02180596
02180680
02180662
02180732
02180159
02181023
02180080
02180885
02180546
02180406
02180407
02180378
02180837
02181295
02180419
